Group Pattern [0 0 0 0]:
  Number of Members: 78
  Members: 029751, 038381, 042948, 044807, 056187, 086845, 098301, 100955, 122345, 161893, 166514, 175957, 208402, 222042, 236458, 270380, 272947, 279690, 288787, 291341, 304750, 315209, 359550, 364484, 375846, 404358, 426374, 429128, 442825, 448595, 449326, 478962, 497743, 500170, 500902, 501222, 518319, 520070, 529885, 532372, 536756, 537222, 547630, 550082, 563581, 567226, 571520, 587523, 604715, 613719, 616613, 626573, 636589, 644513, 669417, 670685, 682804, 695528, 731933, 735415, 754957, 755379, 759815, 801313, 842958, 850648, 865473, 869127, 881098, 888595, 897822, 901492, 912944, 916621, 928326, 947778, 976826, 990978
---------------------------------------------------------------
Group Pattern [1 0 0 0]:
  Number of Members: 27
  Members: 027008, 032129, 035362, 036470, 142994, 148351, 149344, 230800, 261260, 366620, 367447, 402662, 407980, 415602, 449291, 499838, 511603, 550334, 623980, 627716, 640434, 648827, 729026, 766300, 766322, 845818, 934527
---------------------------------------------------------------
Group Pattern [0 1 0 0]:
  Number of Members: 33
  Members: 018938, 082367, 175084, 183836, 221040, 232499, 270727, 353233, 394028, 434471, 435745, 446139, 448464, 533168, 552033, 596803, 620918, 622757, 634134, 638587, 658407, 694326, 698435, 751388, 751398, 794501, 795892, 811695, 845120, 877036, 895574, 906079, 926743
---------------------------------------------------------------
Group Pattern [1 1 0 0]:
  Number of Members: 21
  Members: 042834, 059076, 075129, 082254, 108857, 154078, 189599, 217798, 284683, 310411, 377860, 405844, 451570, 604333, 747831, 773245, 775192, 823683, 836791, 841513, 848556
---------------------------------------------------------------
Group Pattern [0 0 1 0]:
  Number of Members: 36
  Members: 114980, 131360, 137047, 227430, 262762, 282621, 303219, 354885, 358534, 401359, 422419, 474182, 502653, 506707, 531605, 553106, 569699, 570751, 590979, 657543, 661949, 693746, 698860, 725778, 727608, 730963, 752507, 758635, 772782, 781703, 801558, 859916, 878452, 947453, 947900, 986253
---------------------------------------------------------------
Group Pattern [1 0 1 0]:
  Number of Members: 21
  Members: 082222, 155598, 194935, 204518, 237544, 285940, 304340, 305317, 469756, 576336, 578216, 637866, 653962, 657778, 659498, 789371, 825489, 840002, 893312, 938445, 987418
---------------------------------------------------------------
Group Pattern [0 1 1 0]:
  Number of Members: 27
  Members: 046782, 066116, 070709, 094901, 113765, 120734, 138501, 142401, 160667, 174131, 207043, 306309, 352024, 382577, 419692, 438544, 498268, 514087, 528077, 587984, 593688, 597654, 631612, 758331, 828966, 850616, 874628
---------------------------------------------------------------
Group Pattern [1 1 1 0]:
  Number of Members: 25
  Members: 008702, 011173, 023192, 091914, 153261, 171801, 217337, 221606, 269555, 296869, 410333, 432310, 520802, 590523, 611131, 694075, 700504, 705932, 750403, 793637, 803407, 817770, 825897, 832062, 899227
---------------------------------------------------------------
Group Pattern [0 0 0 1]:
  Number of Members: 67
  Members: 017737, 030616, 039517, 039913, 042281, 053457, 055512, 085983, 116280, 125777, 130090, 133060, 141823, 160449, 170812, 182470, 194808, 196972, 200397, 213509, 233092, 246949, 305000, 350690, 353023, 367804, 369821, 379230, 402102, 489935, 496844, 498370, 548338, 567170, 570669, 570823, 573860, 576406, 592325, 607593, 611025, 634424, 643877, 657507, 677808, 689170, 692652, 699320, 713777, 732401, 745408, 755099, 771298, 787282, 788429, 807526, 818920, 838813, 864389, 869189, 878393, 913210, 913873, 924791, 943667, 961425, 987733
---------------------------------------------------------------
Group Pattern [1 0 0 1]:
  Number of Members: 32
  Members: 037487, 062708, 078128, 087065, 089635, 095449, 096699, 182668, 185546, 212917, 273375, 309352, 354481, 374977, 381115, 392725, 406082, 424730, 477052, 484825, 568483, 587613, 589654, 591881, 598460, 663185, 720132, 724526, 771260, 780014, 802858, 958859
---------------------------------------------------------------
Group Pattern [0 1 0 1]:
  Number of Members: 46
  Members: 006198, 009767, 133796, 138181, 169928, 180628, 182239, 216136, 247283, 250369, 252814, 290814, 294108, 312511, 322995, 327517, 332855, 380685, 385501, 408367, 431877, 448125, 491194, 495668, 542538, 588896, 635023, 637423, 638751, 675645, 704263, 706347, 717808, 748221, 764921, 780179, 794947, 801336, 802138, 884121, 908691, 936159, 954748, 961034, 967697, 985351
---------------------------------------------------------------
Group Pattern [1 1 0 1]:
  Number of Members: 46
  Members: 058030, 088278, 193574, 195908, 231497, 253228, 255753, 285557, 352599, 368669, 369598, 373147, 377524, 379921, 382777, 388340, 388799, 391313, 394295, 424211, 462246, 505294, 507694, 555197, 568845, 579138, 580370, 597757, 626673, 683507, 688058, 696806, 718327, 718815, 739726, 782963, 784383, 859502, 903973, 909476, 926732, 927567, 930774, 957172, 965148, 982440
---------------------------------------------------------------
Group Pattern [0 0 1 1]:
  Number of Members: 88
  Members: 012527, 026989, 027278, 036116, 037300, 042995, 051245, 053407, 067754, 072160, 072657, 075968, 091743, 125607, 126493, 141540, 145494, 157460, 163403, 177317, 202706, 236156, 241332, 265887, 291717, 292110, 307583, 316224, 370275, 385649, 396911, 399617, 414003, 414840, 422936, 431190, 438418, 462353, 481397, 497306, 522169, 561258, 570200, 576926, 577035, 578536, 589194, 614462, 655710, 689060, 691719, 697772, 701072, 706848, 710185, 729105, 733658, 742549, 742827, 747495, 756269, 757829, 768348, 789597, 817369, 821791, 828021, 835205, 839429, 842639, 845259, 849678, 850252, 851005, 881090, 888162, 902405, 908475, 914586, 942496, 945658, 953340, 954763, 956991, 957762, 960072, 962521, 981437
---------------------------------------------------------------
Group Pattern [1 0 1 1]:
  Number of Members: 100
  Members: 030289, 048629, 059036, 061353, 074166, 079169, 080682, 112994, 115451, 143326, 162075, 163956, 188971, 189354, 193772, 202277, 207192, 207712, 211985, 216251, 221042, 246480, 273269, 285018, 285134, 298241, 299130, 302217, 313892, 327825, 328916, 333625, 338553, 354564, 365182, 377260, 385808, 386162, 390016, 390111, 404193, 404672, 406854, 408017, 419466, 420862, 423056, 423214, 427590, 452341, 453044, 456157, 494056, 508968, 512733, 517666, 519583, 530201, 545511, 547906, 558826, 560197, 585846, 591487, 595730, 596325, 609267, 665628, 668961, 670143, 674096, 732781, 735104, 751800, 758128, 774391, 778764, 782155, 783834, 790122, 790705, 794515, 801662, 805187, 822095, 822363, 822403, 849706, 853197, 854747, 857049, 864393, 874673, 915048, 929610, 947334, 948559, 971169, 982458, 996361
---------------------------------------------------------------
Group Pattern [0 1 1 1]:
  Number of Members: 82
  Members: 000994, 002427, 012199, 037048, 037908, 047925, 078675, 101299, 101745, 104943, 113852, 124926, 126534, 143070, 159479, 172365, 189381, 196274, 206425, 220158, 241491, 258786, 281801, 296052, 323382, 325532, 338247, 340251, 342406, 368009, 377211, 393839, 408821, 410704, 425839, 441855, 451638, 468828, 470166, 474502, 483995, 485844, 510823, 516054, 517534, 522393, 542098, 546995, 558975, 564266, 568526, 579627, 579779, 587398, 617078, 624022, 626383, 644116, 644488, 661923, 678918, 713419, 721326, 744843, 823110, 835506, 843256, 865680, 881319, 886014, 890966, 895683, 896032, 903042, 920077, 922849, 961714, 964616, 965588, 966741, 968549, 968933
---------------------------------------------------------------
Group Pattern [1 1 1 1]:
  Number of Members: 261
  Members: 000809, 003128, 009276, 021112, 022902, 023325, 023489, 023698, 025828, 028196, 029425, 029809, 030380, 032712, 037597, 039726, 045643, 050639, 051827, 052343, 055621, 058846, 065306, 068599, 077015, 078814, 079745, 079971, 082033, 091809, 092128, 093363, 095379, 095616, 097744, 103291, 104795, 109504, 110589, 113558, 115386, 123536, 127666, 129353, 132851, 138008, 138579, 140783, 144470, 147477, 161584, 168942, 170908, 176072, 176695, 180799, 185934, 194250, 200558, 201930, 202595, 202708, 202787, 206708, 212550, 215263, 217799, 222242, 226867, 229376, 229991, 231023, 245744, 253937, 254309, 258406, 258908, 260546, 265021, 266070, 266671, 267787, 268193, 268243, 270409, 275256, 275720, 279044, 287010, 288447, 292566, 294893, 297132, 299794, 303087, 306043, 308588, 321974, 326374, 342329, 344202, 344652, 347425, 351668, 351710, 359156, 360948, 361250, 369714, 375080, 376654, 377802, 379116, 379967, 390509, 394485, 394832, 395292, 398808, 399427, 404542, 406656, 408088, 410083, 410474, 417087, 417112, 427361, 434679, 436930, 439746, 441785, 444948, 445806, 449699, 454851, 456331, 467868, 469900, 470472, 471854, 473847, 474486, 478120, 479593, 486189, 495430, 497579, 500717, 500749, 504164, 505129, 515855, 517957, 535982, 542773, 545866, 547323, 548585, 548840, 554246, 556351, 560286, 562966, 566632, 567371, 570670, 574158, 575464, 575841, 580528, 597645, 600459, 601495, 607015, 612143, 612999, 622101, 627214, 630237, 631683, 632457, 636338, 636853, 636957, 638886, 641188, 647657, 650996, 659555, 660582, 661549, 662149, 662485, 664029, 667870, 671864, 678504, 682165, 688844, 694715, 711409, 714191, 714196, 733767, 748469, 750676, 765272, 770474, 773640, 777235, 781038, 785602, 785796, 787393, 787418, 788606, 795772, 798486, 799658, 801006, 803503, 803833, 811903, 813998, 814747, 818446, 820100, 828326, 837358, 837851, 842130, 864107, 868485, 872949, 885434, 890603, 895635, 896075, 896320, 898921, 898952, 899380, 903644, 905154, 906883, 918964, 918965, 920699, 934096, 934214, 934480, 935374, 946251, 949062, 949913, 953970, 960717, 967576, 975572, 989284
---------------------------------------------------------------
